                  113334545655543211
               1245666767667777788875431
              145667778788777777767888886421
            126778899999998899987888888888772
            1578899887666678888899989999987882
            46788653211111234444556677889988892
           3788631111111111112222233456778998881
          17775211111111111111212222334456899995
          37663111111111111111111222333345688996
          16521111111111111111122222222334578892
          1721234445666532112345666666655445787
          1511233334667652124678887666777644593
        112211234336656421114777855776766654481
        13211111112222111112466654455666655446451
        11211111111111111112355533223333344446471
         231111111112211111233464221122334445654
         122111111234224324665465322233344445741
          222222222321344457777665434445555453
          12222222343222233566666654455555553
           132222245323233445677765445555562
            1322222112234445666565455555562
             133221111224455544455556666671
              2344222111223333456666667569941
         12446712555433334555667777777668989851
